[player]
block = 6
px = 9.362072944641113
py = 0.5
pz = 9.140485763549805
